       0/9     1.52G   0.03542  0.004446  0.007615   0.04748        10       416    0.9127    0.9067    0.9444    0.6951   0.02763  0.006891  0.005149
       1/9     22.4G   0.02762  0.003814  0.004619   0.03606         8       416    0.9347    0.9152    0.9503    0.7254   0.02333   0.00626  0.003068
       2/9     27.6G   0.02703  0.003898  0.004804   0.03574        10       416    0.9341    0.9176     0.951     0.729   0.02148  0.006205  0.002729
       3/9     27.6G   0.02628  0.003875  0.004617   0.03477        14       416    0.9287    0.9211    0.9511    0.7301    0.0213  0.006219  0.002627
       4/9     27.6G   0.02561  0.003799  0.004294    0.0337        12       416    0.9339     0.919    0.9526    0.7353   0.02058  0.006199  0.002418
       5/9     27.6G   0.02473  0.003719   0.00392   0.03237        11       416    0.9311    0.9254    0.9543     0.743   0.01984  0.006138   0.00221
       6/9     27.6G   0.02387  0.003611  0.003546   0.03102        14       416    0.9343    0.9283    0.9567    0.7503   0.01933  0.006105  0.002064
       7/9     27.6G   0.02302  0.003509  0.003189   0.02971        16       416    0.9389    0.9289    0.9585    0.7581   0.01889    0.0061  0.001951
       8/9     27.6G   0.02204  0.003394  0.002853   0.02828        15       416    0.9429    0.9313    0.9608    0.7669   0.01852  0.006107  0.001829
       9/9     27.6G    0.0211  0.003264   0.00249   0.02685        14       416    0.9451    0.9341    0.9623    0.7753   0.01818  0.006153  0.001703
